10,162
10,16
10,214
10,248
10,130
10,32
10,110
10,148
11,19
11,4
11,25
11,6
8,9
8,14
8,15
8,7
8,5
8,3
0,317
12,2
12,1
12,3
20,2
20,1
20,3
19,2
19,1
19,3
56,4
56,3
56,2
56,1
56,0
55,4
55,3
55,2
55,1
55,0
54,3
54,2
54,1
54,0
53,4
53,3
53,2
18,1
53,1
53,0
52,3
18,3
52,2
52,1
14,5
52,0
14,3
51,4
51,3
13,1
51,2
51,1
13,3
51,0
50,1
50,27
49,3
49,1
38,7
38,6
38,5
38,3
38,1
36,163
36,158
36,157
36,151
36,137
2,2
36,128
2,1
36,116
36,108
36,104
2,3
36,99
36,97
36,96
36,74
36,68
36,67
36,39
36,36
36,35
36,34
36,31
36,29
36,28
36,27
36,24
36,21
36,20
36,19
36,17
36,16
